0
1004827
-1932009
971689
91219
4767197
229154
660723
-1489929
463645
615741
-643500
600366
-480462
285241
-28848
-265470
566763
-836697
1037929
-1136274
1106279
-938256
637374
-230118
-240960
719980
-1143420
1446818
-1579940
1508716
-1225382
753302
-145858
-519749
1149379
-1646265
1926820
-1932038
1643252
-1086565
332218
510020
-1308956
1930606
-2260698
2226790
-1815731
1076144
-122018
-888385
1778682
-2378869
2564596
-2283842
1566381
-528760
-640186
1720310
-2492841
2790824
-2535632
1756927
-596138
-716236
1909759
-2721920
2964666
-2564846
1589588
-239578
-1189782
2374592
-3031210
2989672
-2241436
945244
599168
-2019210
2960532
-3175245
2590914
-1338974
-271523
1829289
-2921255
3245769
-2701355
1418664
262074
-1883120
2986334
-3251669
2589906
-1177048
-582553
2178237
-3129770
3145168
-2206706
593325
1203636
-2625034
3218203
-2788651
1464071
327970
-2008351
3018838
-3019183
2006392
-319540
-1464439
2729870
-3034385
2270666
-709661
-1088227
2474286
-2943240
2327268
-857971
-909599
2308955
-2810336
2226825
-794897
-919232
2240593
-2649141
1992472
-549031
-1081908
2233430
-2435868
1622681
-152715
-1339050
2218639
-2121525
1112923
345425
-1602503
2106944
-1656746
482923
860819
-1757065
1810585
-1027373
-194165
1264456
-1684540
1285357
-294959
-776772
1408600
-1314711
584108
381186
-1086513
1195294
-696321
-109296
786377
-996087
674588
-41384
-537983
765874
-562473
94977
347668
-529821
395711
-80473
-200745
296983
-200442
30561
75198
-65349
-3351
23474
55659
-171319
196431
-48450
-217392
414407
-354972
10985
429353
-653686
447125
121715
-697510
860466
-428600
-372051
1002629
-984205
251845
740922
-1292030
951623
117148
-1190099
1471356
-683535
-672511
1620890
-1416846
129828
1336758
-1872741
1006940
681676
-1934299
1749296
-190733
-1593216
2202627
-1096558
-931316
2297123
-1871351
-82284
2042682
-2404759
808510
1508009
-2648799
1619575
795660
-2609544
2267981
8888
-2335869
2713387
-761699
-1893659
2955370
-1451859
-1356933
3016171
-2025512
-789179
2937330
-2469723
-241394
2765077
-2788991
250790
2542726
-3000542
665508
2307810
-3126001
992989
2090860
-3187162
1230233
1912999
-3203517
1379002
1788516
-3189109
1442284
1723550
-3153258
1422614
1719286
-3096615
1324198
1772031
-3014955
1148540
1870433
-2899787
897928
1998639
-2736283
578984
2134806
-2509002
202020
2249420
-2204303
-213281
2310020
-1814376
-638428
2281464
-1341214
-1030850
2133889
-804523
-1340416
1847895
-246247
-1515675
1425913
273365
-1509669
902348
677613
-1301025
346035
887344
-910204
-140400
850248
-410229
-443221
561128
71510
-462701
96545
371901
-169478
-383771
343880
358681
-660034
-76436
916398
-519797
-798502
1201118
134782
-1542491
917029
1178168
-1887575
-64790
2212938
-1428219
-1547720
2645355
-16392
-2945127
1935983
2012578
-3425663
-41736
3785344
-2309781
-2704572
4165590
416352
-4760974
2374280
3740565
-4731745
-1296176
5815354
-1891150
-5163456
4872130
2844236
-6726876
572115
6843148
-4188008
-5086649
7035815
1820431
-8344837
2201868
7724474
-6048061
-5247720
8833365
1405317
-9922368
3025846
9047609
-7171359
-6344581
10235214
2286374
-11653709
2427463
11173152
-7020374
-8868260
10773989
5093023
-13141114
-398103
13808861
-4574666
-12715095
9196920
10030520
-12930828
-6099163
15392501
1377859
-16371365
3638648
15831471
-8477781
-13887958
12737003
10771809
-16110905
-6783085
18409742
2256457
-19549872
2481938
19546762
-7138883
-18494481
11471293
16540856
-15297434
-13866045
18498308
10661618
-21015066
-7116023
22838499
3399542
-24002766
339294
24569911
-3982752
-24623758
7442407
24261330
-10654229
-23579704
13582869
22677191
-16212070
-21646723
18540559
20571917
-20579549
-19527124
22348580
18579152
-23868067
-17782792
25161356
17186811
-26247182
-16831558
27138894
16750055
-27842790
-16968560
28357398
17509181
-28668438
-18385380
28750943
19602233
-28569648
-21157464
28074768
23034432
-27206874
-25202152
25897019
27611432
-24067661
-30187588
21642014
32831504
-18545188
-35411885
14716533
37767345
-10114843
-39700160
4737572
40985197
1369447
-41376489
-8099661
40614217
15264695
-38452032
-22591022
34676198
29709060
-29142414
-36160462
21810657
41412745
-12783891
-44889531
2344705
46018105
9015423
-44298873
-20590705
39381904
31472826
-31161744
-40607611
19857727
46879194
-6089327
-49246679
-9095796
46908212
24248878
-39480715
-37617347
27175227
47331773
-10922748
-51672333
-7589344
49391956
26012326
-40044208
-41578916
24263342
51511093
-3899778
-53542020
-18054096
46483952
37813282
-30709183
-51417954
8410025
55561165
16504595
-48478259
-38963772
30675815
53723643
-5256761
-56646628
-22369022
45993355
45490117
-23335796
-57701547
-6278876
54798453
35190224
-36404991
-54985011
6749086
59012401
25918818
-44841279
-51406072
15754404
60758205
19492662
-49632806
-48992837
20592766
61653834
16831941
-51608595
-48878012
21300318
62517797
18345130
-51022435
-51400559
17728074
63252439
24106782
-47390901
-56097765
9496616
62787178
33743011
-39559763
-61536628
-3708593
59088982
46012971
-26080042
-65083125
-21465537
49435053
58209002
-6048072
-62898195
-41611594
31277674
65732949
19513339
-50662063
-59274020
3965691
62524741
46029863
-25570660
-66811321
-28863725
43216726
64579084
10384368
-55967229
-57466766
7389557
63805556
47251236
-23139086
-67334295
-35549309
36192894
67483524
23656143
-46395960
-65285385
-12501948
53944595
61716681
2677870
-59235710
-57613235
5497032
62744294
53637225
-11895255
-64935016
-50279198
16503157
66203058
47875770
-19359912
-66842974
-46636804
20507943
67026380
46661980
-19967627
-66797518
-47954945
17723864
66069292
50421831
-13731703
-64626432
-53859568
7939547
62136380
57936206
-327286
-58168350
-62162638
-9032703
52236598
65875043
19904606
-43864415
-68228330
-31803538
32686785
68229118
43920670
-18583702
-64818631
-55072679
1843337
57026536
63712531
16670855
-44206467
-68046744
-35401635
26326957
66278893
52074749
-4293967
-57017422
-63872176
-19808246
39799756
67851824
42665806
-15653871
-61648224
-60030912
-12487333
44381110
67479999
39767595
-17557367
-61623222
-60019031
-14369523
41585538
67165962
44235857
-10291809
-57273076
-63536203
-25089621
30735773
64981232
54227714
6319077
-45695844
-66535657
-42498720
9861911
55442926
64212966
30810525
-22532842
-61046516
-60103795
-20737110
31626262
63798409
55832237
13133104
-37496992
-64855265
-52501616
-8372815
40595696
65056322
50754739
6572317
-41255773
-64850609
-50853424
-7733544
39591700
64284915
52731039
11803599
-35470281
-63003070
-55986478
-18637027
28569978
60277302
59840988
27877462
-18513300
-55068449
-63066054
-38762154
5107130
46190401
63969285
49903733
11318591
-32613562
-60506838
-59128824
-29503784
13966761
50655354
63518982
46900061
8809920
-33111218
-59852410
-59608448
-32833819
8308109
45611632
62919072
53031380
20528343
-20517608
-52739796
-62820417
-46882523
-11802698
27905451
56174103
61856579
43001931
7345883
-30998812
-57190614
-61367987
-42242810
-7323539
30157879
56317771
61731510
44718555
11705685
-25320999
-53229192
-62378843
-49858361
-20271589
16072739
46825250
61792554
56245024
32291499
-2030197
-35536646
-57569249
-61343557
-45943639
-16409721
18008701
46804540
61415273
57705886
37037363
5680374
-27165731
-52105413
-62212190
-54882504
-32406402
-1166300
30241524
53395933
62282393
54787883
33109931
3034595
-27668226
-51275528
-62033027
-57499450
-39018209
-11251913
19053919
44739786
59914642
61264385
48707763
25289494
-3619860
-31596218
-52597761
-62246666
-58693236
-42902822
-18341642
9834877
35892481
54686156
62650795
58430728
43048127
19608397
-7370432
-32854198
-52234743
-62143067
-60995660
-49195520
-28975155
-3932946
21636239
43487863
58122435
63318717
58431512
44421439
23631073
-640230
-24680112
-44936131
-58529841
-63641959
-59720929
-47499100
-28827453
-6367571
16807145
37639394
53486313
62438383
63523817
56780524
43198923
24552351
3144844
-18487714
-37881880
-52921674
-62055025
-64433270
-59963470
-49275691
-33616163
-14684258
5565006
25129617
42157901
55116291
62915099
64982290
61284064
52293779
38919477
22399401
4176449
-14234828
-31375952
-45956000
-56941189
-63618152
-65626020
-62958610
-55940107
-45180072
-31511815
-15918902
541553
16812858
31905471
44954591
55264423
62336958
65885841
65836983
62316685
55628505
46222031
34658088
21571431
7632414
-6490214
-20161341
-32806194
-43930820
-53137893
-60136143
-64743513
-66884677
-66584279
-63956662
-59193254
-52547819
-44321042
-34844530
-24466231
-13536583
-2396349
8634084
19262831
29232823
38326437
46368110
53224387
58803534
63053633
65959698
67539764
67840440
66932905
64907818
61870732
57938046
53232753
47880681
42006904
35733513
29177305
22447603
15645067
8860346
2173879
-4344625
-10636263
-16652642
-22355327
-27715272
-32712026
-37332717
-41571503
-45429387
-48912991
-52032889
-54803176
-57241390
-59367772
-61203891
-62772110
-64095636
-65198094
-66102908
-66832976
-67410543
-67856705
-68191402
-68433229
-68599190
-68705018
-68764938
-68791644